311270
291660
296710
002630
115180
032790
114190
054220
043590
158310
223310
033340
064510
053110
101680
103230
208860
012600
015540
065560
160600
003620
011300
013000
064520
083470
115530
038060
045890
127160
038340
053450
106520
095270
064090
141020
122690
006580
096760
234080
099520
014100
056000
058420
058530
069110
078590
121890
126870
141070
182690
009730
043200
299910
101400
159910
044490
056730
046070
060900
175140
106080
114120
208640
039310
058450
002420
178780
102940
099410
257370
069330
080440
222810
115610
900290
016670
038160
033110
087730
058220
039670
033600
003280
033430
052190
066110
086250
114570
176440
263540
053660
050540
065620
263920
010580
138360
215600
180400
007630
065420
168330
033790
900100
069540
111820
035290
039230
101730
083660
950160
060300
024830
050320
065150
052770
079190
010140
010145
332290
366330
373200
354230
114810
087730
053110
032790
359090
369370
223310
033430
310870
064510
039230
033340
086250
033110
045890
208860
310840
033600
038160
182690
115180
340440
307870
114190
141070
158300
351320
206950
225850
240340
126870
111820
012600
003620
053660
270020
038340
053450
288490
015540
099520
013000
014100
056000
058420
058530
069110
078590
121890
127160
101680
263540
011300
044490
103230
225860
046970
223220
103660
178780
257370
114570
065560
054220
006580
009730
309900
016670
159910
080440
900290
176440
160600
234070
115530
052190
002420
083470
058450
263920
065420
066110
106080
215600
050320
003280
058220
180400
109070
007630
010580
011690
050540
035290
168330
199290
141020
158310
950160
033790
900100
138360
060300
039670
021820
024830
069540
043590
056730
052770
064520
079190
064550
009275
340360
215090
014580
317320
353190